40168
4537
6501
47077
48327
19108
18586
26520
13061
15718
2628
34673
34338
31469
30227
14986
2079
45704
48729
10892
18971
25200
36451
37983
7005
13508
28067
32035
5369
21970
6804
44507
13655
12319
35036
21920
49653
29560
21757
30251
44686
24086
23093
30231
45224
16785
36911
25770
17291
12633
8199
34718
4825
39261
13711
41668
23177
43945
9915
44937
509
13449
13699
48898
19019
46222
17387
48568
10600
5289
4806
39531
46048
34653
44147
3166
35578
20862
3975
13725
301
1554
34115
4281
40418
25622
15038
15994
18011
12816
3582
47499
48917
28472
31483
24961
11774
47623
43974
20982
